{
 "cells": [
  {
   "cell_type": "markdown",
   "metadata": {},
   "source": [
    "# 多策略多股票回測"
   ]
  },
  {
   "cell_type": "code",
   "execution_count": 2,
   "metadata": {},
   "outputs": [],
   "source": [
    "import os\n",
    "import sys"
   ]
  },
  {
   "cell_type": "code",
   "execution_count": 3,
   "metadata": {},
   "outputs": [],
   "source": [
    "# 把我們自己寫的模組的位置，加入到模組搜尋路徑之中，不然會有 import error\n",
    "module_dir = os.path.join(os.path.dirname(os.getcwd()), 'modules')\n",
    "if not module_dir in sys.path:\n",
    "    sys.path.append(module_dir)"
   ]
  },
  {
   "cell_type": "code",
   "execution_count": 4,
   "metadata": {},
   "outputs": [],
   "source": [
    "import numpy as np\n",
    "import pandas as pd\n",
    "from datetime import datetime\n",
    "from crawler import get_quotes"
   ]
  },
  {
   "cell_type": "code",
   "execution_count": 5,
   "metadata": {},
   "outputs": [],
   "source": [
    "candidates = ['2330.tw', '2317.tw', '2412.tw', '3406.tw', '3008.tw']"
   ]
  },
  {
   "cell_type": "code",
   "execution_count": 6,
   "metadata": {},
   "outputs": [],
   "source": [
    "data = {}\n",
    "\n",
    "for symbol in candidates:\n",
    "    try:\n",
    "        data[symbol] = get_quotes(symbol, datetime(2017, 1, 1))\n",
    "    except Exception as e:\n",
    "        print(\"Error accesing symbol:\", symbol, \"==>\", e.args)"
   ]
  },
  {
   "cell_type": "markdown",
   "metadata": {},
   "source": [
    "## 回測"
   ]
  },
  {
   "cell_type": "code",
   "execution_count": 7,
   "metadata": {},
   "outputs": [],
   "source": [
    "# 載入計算回測指標的函式\n",
    "from backtest import indicators"
   ]
  },
  {
   "cell_type": "code",
   "execution_count": 8,
   "metadata": {},
   "outputs": [],
   "source": [
    "# 用來讀入 all_strategies 裡面的策略\n",
    "from inspect import getmembers, isfunction\n",
    "import all_strategies"
   ]
  },
  {
   "cell_type": "code",
   "execution_count": 9,
   "metadata": {},
   "outputs": [],
   "source": [
    "def apply_strategy(strategy, df):\n",
    "    return strategy(df)"
   ]
  },
  {
   "cell_type": "code",
   "execution_count": 10,
   "metadata": {},
   "outputs": [],
   "source": [
    "# 計算各支股票的回測結果\n",
    "results = []\n",
    "\n",
    "strategies = [member[1] for member in getmembers(all_strategies) if isfunction(member[1])]\n",
    "\n",
    "for symbol in data:\n",
    "    for strategy in strategies:\n",
    "        try:\n",
    "            apply_strategy(strategy, data[symbol])\n",
    "            if np.all(data[symbol]['signals']==0):\n",
    "                print(\"Symbol:\", symbol, \"使用\", strategy.__name__, \"策略沒有出現買賣訊號。\")\n",
    "                continue\n",
    "            SharpeRatio, maxdd, maxddd, finalRet = indicators(data[symbol])\n",
    "            days = (data[symbol].index[-1] - data[symbol].index[0]).days\n",
    "            results.append((SharpeRatio, maxdd, maxddd, finalRet, days,\n",
    "                            data[symbol][data[symbol]['signals'] > 0]['signals'].sum(), symbol, strategy.__name__))\n",
    "        except Exception as e:\n",
    "            print(\"Error occurs at symbol:\", symbol, \"Strategy:\", strategy.__name__, \"==>\", e.args)\n",
    "\n",
    "\n",
    "results_df = pd.DataFrame(results, columns=['sharpe','MDD','MDDD','Ret','days','#entries','symbol','Strategy'])"
   ]
  },
  {
   "cell_type": "markdown",
   "metadata": {},
   "source": [
    "## 回測結果"
   ]
  },
  {
   "cell_type": "code",
   "execution_count": 11,
   "metadata": {},
   "outputs": [
    {
     "data": {
      "text/html": [
       "<div>\n",
       "<style scoped>\n",
       "    .dataframe tbody tr th:only-of-type {\n",
       "        vertical-align: middle;\n",
       "    }\n",
       "\n",
       "    .dataframe tbody tr th {\n",
       "        vertical-align: top;\n",
       "    }\n",
       "\n",
       "    .dataframe thead th {\n",
       "        text-align: right;\n",
       "    }\n",
       "</style>\n",
       "<table border=\"1\" class=\"dataframe\">\n",
       "  <thead>\n",
       "    <tr style=\"text-align: right;\">\n",
       "      <th></th>\n",
       "      <th>sharpe</th>\n",
       "      <th>MDD</th>\n",
       "      <th>MDDD</th>\n",
       "      <th>Ret</th>\n",
       "      <th>days</th>\n",
       "      <th>#entries</th>\n",
       "      <th>symbol</th>\n",
       "      <th>Strategy</th>\n",
       "    </tr>\n",
       "  </thead>\n",
       "  <tbody>\n",
       "    <tr>\n",
       "      <th>17</th>\n",
       "      <td>2.65</td>\n",
       "      <td>-0.30</td>\n",
       "      <td>252</td>\n",
       "      <td>5.04</td>\n",
       "      <td>878</td>\n",
       "      <td>11</td>\n",
       "      <td>3406.tw</td>\n",
       "      <td>Breakout</td>\n",
       "    </tr>\n",
       "    <tr>\n",
       "      <th>18</th>\n",
       "      <td>2.43</td>\n",
       "      <td>-0.31</td>\n",
       "      <td>216</td>\n",
       "      <td>5.79</td>\n",
       "      <td>878</td>\n",
       "      <td>23</td>\n",
       "      <td>3406.tw</td>\n",
       "      <td>MACD</td>\n",
       "    </tr>\n",
       "    <tr>\n",
       "      <th>19</th>\n",
       "      <td>2.12</td>\n",
       "      <td>-0.56</td>\n",
       "      <td>268</td>\n",
       "      <td>8.70</td>\n",
       "      <td>878</td>\n",
       "      <td>50</td>\n",
       "      <td>3406.tw</td>\n",
       "      <td>WMSR</td>\n",
       "    </tr>\n",
       "    <tr>\n",
       "      <th>15</th>\n",
       "      <td>1.87</td>\n",
       "      <td>-0.55</td>\n",
       "      <td>268</td>\n",
       "      <td>8.51</td>\n",
       "      <td>878</td>\n",
       "      <td>11</td>\n",
       "      <td>3406.tw</td>\n",
       "      <td>BBand</td>\n",
       "    </tr>\n",
       "    <tr>\n",
       "      <th>23</th>\n",
       "      <td>1.57</td>\n",
       "      <td>-0.34</td>\n",
       "      <td>310</td>\n",
       "      <td>2.08</td>\n",
       "      <td>878</td>\n",
       "      <td>18</td>\n",
       "      <td>3008.tw</td>\n",
       "      <td>MACD</td>\n",
       "    </tr>\n",
       "    <tr>\n",
       "      <th>8</th>\n",
       "      <td>1.37</td>\n",
       "      <td>-0.12</td>\n",
       "      <td>338</td>\n",
       "      <td>1.41</td>\n",
       "      <td>878</td>\n",
       "      <td>19</td>\n",
       "      <td>2317.tw</td>\n",
       "      <td>MACD</td>\n",
       "    </tr>\n",
       "    <tr>\n",
       "      <th>7</th>\n",
       "      <td>1.22</td>\n",
       "      <td>-0.15</td>\n",
       "      <td>338</td>\n",
       "      <td>1.31</td>\n",
       "      <td>878</td>\n",
       "      <td>9</td>\n",
       "      <td>2317.tw</td>\n",
       "      <td>Breakout</td>\n",
       "    </tr>\n",
       "    <tr>\n",
       "      <th>21</th>\n",
       "      <td>1.20</td>\n",
       "      <td>-0.35</td>\n",
       "      <td>302</td>\n",
       "      <td>1.58</td>\n",
       "      <td>878</td>\n",
       "      <td>17</td>\n",
       "      <td>3008.tw</td>\n",
       "      <td>BIAS</td>\n",
       "    </tr>\n",
       "    <tr>\n",
       "      <th>16</th>\n",
       "      <td>0.98</td>\n",
       "      <td>-0.46</td>\n",
       "      <td>263</td>\n",
       "      <td>1.61</td>\n",
       "      <td>878</td>\n",
       "      <td>20</td>\n",
       "      <td>3406.tw</td>\n",
       "      <td>BIAS</td>\n",
       "    </tr>\n",
       "    <tr>\n",
       "      <th>4</th>\n",
       "      <td>0.81</td>\n",
       "      <td>-0.18</td>\n",
       "      <td>350</td>\n",
       "      <td>1.41</td>\n",
       "      <td>878</td>\n",
       "      <td>39</td>\n",
       "      <td>2330.tw</td>\n",
       "      <td>WMSR</td>\n",
       "    </tr>\n",
       "    <tr>\n",
       "      <th>0</th>\n",
       "      <td>0.78</td>\n",
       "      <td>-0.16</td>\n",
       "      <td>146</td>\n",
       "      <td>1.45</td>\n",
       "      <td>878</td>\n",
       "      <td>6</td>\n",
       "      <td>2330.tw</td>\n",
       "      <td>BBand</td>\n",
       "    </tr>\n",
       "    <tr>\n",
       "      <th>22</th>\n",
       "      <td>0.68</td>\n",
       "      <td>-0.25</td>\n",
       "      <td>302</td>\n",
       "      <td>1.17</td>\n",
       "      <td>878</td>\n",
       "      <td>11</td>\n",
       "      <td>3008.tw</td>\n",
       "      <td>Breakout</td>\n",
       "    </tr>\n",
       "    <tr>\n",
       "      <th>3</th>\n",
       "      <td>0.57</td>\n",
       "      <td>-0.18</td>\n",
       "      <td>575</td>\n",
       "      <td>1.16</td>\n",
       "      <td>878</td>\n",
       "      <td>27</td>\n",
       "      <td>2330.tw</td>\n",
       "      <td>MACD</td>\n",
       "    </tr>\n",
       "    <tr>\n",
       "      <th>1</th>\n",
       "      <td>0.43</td>\n",
       "      <td>-0.15</td>\n",
       "      <td>79</td>\n",
       "      <td>1.06</td>\n",
       "      <td>878</td>\n",
       "      <td>4</td>\n",
       "      <td>2330.tw</td>\n",
       "      <td>BIAS</td>\n",
       "    </tr>\n",
       "    <tr>\n",
       "      <th>24</th>\n",
       "      <td>0.42</td>\n",
       "      <td>-0.45</td>\n",
       "      <td>277</td>\n",
       "      <td>1.26</td>\n",
       "      <td>878</td>\n",
       "      <td>47</td>\n",
       "      <td>3008.tw</td>\n",
       "      <td>WMSR</td>\n",
       "    </tr>\n",
       "    <tr>\n",
       "      <th>9</th>\n",
       "      <td>0.37</td>\n",
       "      <td>-0.30</td>\n",
       "      <td>338</td>\n",
       "      <td>1.19</td>\n",
       "      <td>878</td>\n",
       "      <td>50</td>\n",
       "      <td>2317.tw</td>\n",
       "      <td>WMSR</td>\n",
       "    </tr>\n",
       "    <tr>\n",
       "      <th>20</th>\n",
       "      <td>0.36</td>\n",
       "      <td>-0.51</td>\n",
       "      <td>277</td>\n",
       "      <td>1.24</td>\n",
       "      <td>878</td>\n",
       "      <td>11</td>\n",
       "      <td>3008.tw</td>\n",
       "      <td>BBand</td>\n",
       "    </tr>\n",
       "    <tr>\n",
       "      <th>2</th>\n",
       "      <td>0.30</td>\n",
       "      <td>-0.12</td>\n",
       "      <td>344</td>\n",
       "      <td>1.08</td>\n",
       "      <td>878</td>\n",
       "      <td>11</td>\n",
       "      <td>2330.tw</td>\n",
       "      <td>Breakout</td>\n",
       "    </tr>\n",
       "    <tr>\n",
       "      <th>5</th>\n",
       "      <td>0.24</td>\n",
       "      <td>-0.34</td>\n",
       "      <td>338</td>\n",
       "      <td>1.15</td>\n",
       "      <td>878</td>\n",
       "      <td>13</td>\n",
       "      <td>2317.tw</td>\n",
       "      <td>BBand</td>\n",
       "    </tr>\n",
       "    <tr>\n",
       "      <th>12</th>\n",
       "      <td>0.06</td>\n",
       "      <td>-0.11</td>\n",
       "      <td>682</td>\n",
       "      <td>1.04</td>\n",
       "      <td>878</td>\n",
       "      <td>7</td>\n",
       "      <td>2412.tw</td>\n",
       "      <td>Breakout</td>\n",
       "    </tr>\n",
       "    <tr>\n",
       "      <th>6</th>\n",
       "      <td>0.03</td>\n",
       "      <td>-0.25</td>\n",
       "      <td>297</td>\n",
       "      <td>1.03</td>\n",
       "      <td>878</td>\n",
       "      <td>5</td>\n",
       "      <td>2317.tw</td>\n",
       "      <td>BIAS</td>\n",
       "    </tr>\n",
       "    <tr>\n",
       "      <th>14</th>\n",
       "      <td>-0.07</td>\n",
       "      <td>-0.18</td>\n",
       "      <td>682</td>\n",
       "      <td>1.05</td>\n",
       "      <td>878</td>\n",
       "      <td>40</td>\n",
       "      <td>2412.tw</td>\n",
       "      <td>WMSR</td>\n",
       "    </tr>\n",
       "    <tr>\n",
       "      <th>10</th>\n",
       "      <td>-0.24</td>\n",
       "      <td>-0.19</td>\n",
       "      <td>682</td>\n",
       "      <td>1.01</td>\n",
       "      <td>878</td>\n",
       "      <td>8</td>\n",
       "      <td>2412.tw</td>\n",
       "      <td>BBand</td>\n",
       "    </tr>\n",
       "    <tr>\n",
       "      <th>13</th>\n",
       "      <td>-0.29</td>\n",
       "      <td>-0.12</td>\n",
       "      <td>682</td>\n",
       "      <td>1.00</td>\n",
       "      <td>878</td>\n",
       "      <td>25</td>\n",
       "      <td>2412.tw</td>\n",
       "      <td>MACD</td>\n",
       "    </tr>\n",
       "    <tr>\n",
       "      <th>11</th>\n",
       "      <td>-0.61</td>\n",
       "      <td>-0.14</td>\n",
       "      <td>658</td>\n",
       "      <td>0.94</td>\n",
       "      <td>878</td>\n",
       "      <td>1</td>\n",
       "      <td>2412.tw</td>\n",
       "      <td>BIAS</td>\n",
       "    </tr>\n",
       "  </tbody>\n",
       "</table>\n",
       "</div>"
      ],
      "text/plain": [
       "    sharpe   MDD  MDDD   Ret  days  #entries   symbol  Strategy\n",
       "17    2.65 -0.30   252  5.04   878        11  3406.tw  Breakout\n",
       "18    2.43 -0.31   216  5.79   878        23  3406.tw      MACD\n",
       "19    2.12 -0.56   268  8.70   878        50  3406.tw      WMSR\n",
       "15    1.87 -0.55   268  8.51   878        11  3406.tw     BBand\n",
       "23    1.57 -0.34   310  2.08   878        18  3008.tw      MACD\n",
       "8     1.37 -0.12   338  1.41   878        19  2317.tw      MACD\n",
       "7     1.22 -0.15   338  1.31   878         9  2317.tw  Breakout\n",
       "21    1.20 -0.35   302  1.58   878        17  3008.tw      BIAS\n",
       "16    0.98 -0.46   263  1.61   878        20  3406.tw      BIAS\n",
       "4     0.81 -0.18   350  1.41   878        39  2330.tw      WMSR\n",
       "0     0.78 -0.16   146  1.45   878         6  2330.tw     BBand\n",
       "22    0.68 -0.25   302  1.17   878        11  3008.tw  Breakout\n",
       "3     0.57 -0.18   575  1.16   878        27  2330.tw      MACD\n",
       "1     0.43 -0.15    79  1.06   878         4  2330.tw      BIAS\n",
       "24    0.42 -0.45   277  1.26   878        47  3008.tw      WMSR\n",
       "9     0.37 -0.30   338  1.19   878        50  2317.tw      WMSR\n",
       "20    0.36 -0.51   277  1.24   878        11  3008.tw     BBand\n",
       "2     0.30 -0.12   344  1.08   878        11  2330.tw  Breakout\n",
       "5     0.24 -0.34   338  1.15   878        13  2317.tw     BBand\n",
       "12    0.06 -0.11   682  1.04   878         7  2412.tw  Breakout\n",
       "6     0.03 -0.25   297  1.03   878         5  2317.tw      BIAS\n",
       "14   -0.07 -0.18   682  1.05   878        40  2412.tw      WMSR\n",
       "10   -0.24 -0.19   682  1.01   878         8  2412.tw     BBand\n",
       "13   -0.29 -0.12   682  1.00   878        25  2412.tw      MACD\n",
       "11   -0.61 -0.14   658  0.94   878         1  2412.tw      BIAS"
      ]
     },
     "execution_count": 11,
     "metadata": {},
     "output_type": "execute_result"
    }
   ],
   "source": [
    "# Sorted by sharpe:\n",
    "results_df.sort_values('sharpe',ascending=False)"
   ]
  },
  {
   "cell_type": "code",
   "execution_count": 13,
   "metadata": {},
   "outputs": [
    {
     "data": {
      "text/html": [
       "<div>\n",
       "<style scoped>\n",
       "    .dataframe tbody tr th:only-of-type {\n",
       "        vertical-align: middle;\n",
       "    }\n",
       "\n",
       "    .dataframe tbody tr th {\n",
       "        vertical-align: top;\n",
       "    }\n",
       "\n",
       "    .dataframe thead th {\n",
       "        text-align: right;\n",
       "    }\n",
       "</style>\n",
       "<table border=\"1\" class=\"dataframe\">\n",
       "  <thead>\n",
       "    <tr style=\"text-align: right;\">\n",
       "      <th></th>\n",
       "      <th>sharpe</th>\n",
       "      <th>MDD</th>\n",
       "      <th>MDDD</th>\n",
       "      <th>Ret</th>\n",
       "      <th>days</th>\n",
       "      <th>#entries</th>\n",
       "      <th>symbol</th>\n",
       "      <th>Strategy</th>\n",
       "    </tr>\n",
       "  </thead>\n",
       "  <tbody>\n",
       "    <tr>\n",
       "      <th>12</th>\n",
       "      <td>0.06</td>\n",
       "      <td>-0.11</td>\n",
       "      <td>682</td>\n",
       "      <td>1.04</td>\n",
       "      <td>878</td>\n",
       "      <td>7</td>\n",
       "      <td>2412.tw</td>\n",
       "      <td>Breakout</td>\n",
       "    </tr>\n",
       "    <tr>\n",
       "      <th>2</th>\n",
       "      <td>0.30</td>\n",
       "      <td>-0.12</td>\n",
       "      <td>344</td>\n",
       "      <td>1.08</td>\n",
       "      <td>878</td>\n",
       "      <td>11</td>\n",
       "      <td>2330.tw</td>\n",
       "      <td>Breakout</td>\n",
       "    </tr>\n",
       "    <tr>\n",
       "      <th>13</th>\n",
       "      <td>-0.29</td>\n",
       "      <td>-0.12</td>\n",
       "      <td>682</td>\n",
       "      <td>1.00</td>\n",
       "      <td>878</td>\n",
       "      <td>25</td>\n",
       "      <td>2412.tw</td>\n",
       "      <td>MACD</td>\n",
       "    </tr>\n",
       "    <tr>\n",
       "      <th>8</th>\n",
       "      <td>1.37</td>\n",
       "      <td>-0.12</td>\n",
       "      <td>338</td>\n",
       "      <td>1.41</td>\n",
       "      <td>878</td>\n",
       "      <td>19</td>\n",
       "      <td>2317.tw</td>\n",
       "      <td>MACD</td>\n",
       "    </tr>\n",
       "    <tr>\n",
       "      <th>11</th>\n",
       "      <td>-0.61</td>\n",
       "      <td>-0.14</td>\n",
       "      <td>658</td>\n",
       "      <td>0.94</td>\n",
       "      <td>878</td>\n",
       "      <td>1</td>\n",
       "      <td>2412.tw</td>\n",
       "      <td>BIAS</td>\n",
       "    </tr>\n",
       "    <tr>\n",
       "      <th>7</th>\n",
       "      <td>1.22</td>\n",
       "      <td>-0.15</td>\n",
       "      <td>338</td>\n",
       "      <td>1.31</td>\n",
       "      <td>878</td>\n",
       "      <td>9</td>\n",
       "      <td>2317.tw</td>\n",
       "      <td>Breakout</td>\n",
       "    </tr>\n",
       "    <tr>\n",
       "      <th>1</th>\n",
       "      <td>0.43</td>\n",
       "      <td>-0.15</td>\n",
       "      <td>79</td>\n",
       "      <td>1.06</td>\n",
       "      <td>878</td>\n",
       "      <td>4</td>\n",
       "      <td>2330.tw</td>\n",
       "      <td>BIAS</td>\n",
       "    </tr>\n",
       "    <tr>\n",
       "      <th>0</th>\n",
       "      <td>0.78</td>\n",
       "      <td>-0.16</td>\n",
       "      <td>146</td>\n",
       "      <td>1.45</td>\n",
       "      <td>878</td>\n",
       "      <td>6</td>\n",
       "      <td>2330.tw</td>\n",
       "      <td>BBand</td>\n",
       "    </tr>\n",
       "    <tr>\n",
       "      <th>4</th>\n",
       "      <td>0.81</td>\n",
       "      <td>-0.18</td>\n",
       "      <td>350</td>\n",
       "      <td>1.41</td>\n",
       "      <td>878</td>\n",
       "      <td>39</td>\n",
       "      <td>2330.tw</td>\n",
       "      <td>WMSR</td>\n",
       "    </tr>\n",
       "    <tr>\n",
       "      <th>3</th>\n",
       "      <td>0.57</td>\n",
       "      <td>-0.18</td>\n",
       "      <td>575</td>\n",
       "      <td>1.16</td>\n",
       "      <td>878</td>\n",
       "      <td>27</td>\n",
       "      <td>2330.tw</td>\n",
       "      <td>MACD</td>\n",
       "    </tr>\n",
       "    <tr>\n",
       "      <th>14</th>\n",
       "      <td>-0.07</td>\n",
       "      <td>-0.18</td>\n",
       "      <td>682</td>\n",
       "      <td>1.05</td>\n",
       "      <td>878</td>\n",
       "      <td>40</td>\n",
       "      <td>2412.tw</td>\n",
       "      <td>WMSR</td>\n",
       "    </tr>\n",
       "    <tr>\n",
       "      <th>10</th>\n",
       "      <td>-0.24</td>\n",
       "      <td>-0.19</td>\n",
       "      <td>682</td>\n",
       "      <td>1.01</td>\n",
       "      <td>878</td>\n",
       "      <td>8</td>\n",
       "      <td>2412.tw</td>\n",
       "      <td>BBand</td>\n",
       "    </tr>\n",
       "    <tr>\n",
       "      <th>6</th>\n",
       "      <td>0.03</td>\n",
       "      <td>-0.25</td>\n",
       "      <td>297</td>\n",
       "      <td>1.03</td>\n",
       "      <td>878</td>\n",
       "      <td>5</td>\n",
       "      <td>2317.tw</td>\n",
       "      <td>BIAS</td>\n",
       "    </tr>\n",
       "    <tr>\n",
       "      <th>22</th>\n",
       "      <td>0.68</td>\n",
       "      <td>-0.25</td>\n",
       "      <td>302</td>\n",
       "      <td>1.17</td>\n",
       "      <td>878</td>\n",
       "      <td>11</td>\n",
       "      <td>3008.tw</td>\n",
       "      <td>Breakout</td>\n",
       "    </tr>\n",
       "    <tr>\n",
       "      <th>9</th>\n",
       "      <td>0.37</td>\n",
       "      <td>-0.30</td>\n",
       "      <td>338</td>\n",
       "      <td>1.19</td>\n",
       "      <td>878</td>\n",
       "      <td>50</td>\n",
       "      <td>2317.tw</td>\n",
       "      <td>WMSR</td>\n",
       "    </tr>\n",
       "    <tr>\n",
       "      <th>17</th>\n",
       "      <td>2.65</td>\n",
       "      <td>-0.30</td>\n",
       "      <td>252</td>\n",
       "      <td>5.04</td>\n",
       "      <td>878</td>\n",
       "      <td>11</td>\n",
       "      <td>3406.tw</td>\n",
       "      <td>Breakout</td>\n",
       "    </tr>\n",
       "    <tr>\n",
       "      <th>18</th>\n",
       "      <td>2.43</td>\n",
       "      <td>-0.31</td>\n",
       "      <td>216</td>\n",
       "      <td>5.79</td>\n",
       "      <td>878</td>\n",
       "      <td>23</td>\n",
       "      <td>3406.tw</td>\n",
       "      <td>MACD</td>\n",
       "    </tr>\n",
       "    <tr>\n",
       "      <th>5</th>\n",
       "      <td>0.24</td>\n",
       "      <td>-0.34</td>\n",
       "      <td>338</td>\n",
       "      <td>1.15</td>\n",
       "      <td>878</td>\n",
       "      <td>13</td>\n",
       "      <td>2317.tw</td>\n",
       "      <td>BBand</td>\n",
       "    </tr>\n",
       "    <tr>\n",
       "      <th>23</th>\n",
       "      <td>1.57</td>\n",
       "      <td>-0.34</td>\n",
       "      <td>310</td>\n",
       "      <td>2.08</td>\n",
       "      <td>878</td>\n",
       "      <td>18</td>\n",
       "      <td>3008.tw</td>\n",
       "      <td>MACD</td>\n",
       "    </tr>\n",
       "    <tr>\n",
       "      <th>21</th>\n",
       "      <td>1.20</td>\n",
       "      <td>-0.35</td>\n",
       "      <td>302</td>\n",
       "      <td>1.58</td>\n",
       "      <td>878</td>\n",
       "      <td>17</td>\n",
       "      <td>3008.tw</td>\n",
       "      <td>BIAS</td>\n",
       "    </tr>\n",
       "    <tr>\n",
       "      <th>24</th>\n",
       "      <td>0.42</td>\n",
       "      <td>-0.45</td>\n",
       "      <td>277</td>\n",
       "      <td>1.26</td>\n",
       "      <td>878</td>\n",
       "      <td>47</td>\n",
       "      <td>3008.tw</td>\n",
       "      <td>WMSR</td>\n",
       "    </tr>\n",
       "    <tr>\n",
       "      <th>16</th>\n",
       "      <td>0.98</td>\n",
       "      <td>-0.46</td>\n",
       "      <td>263</td>\n",
       "      <td>1.61</td>\n",
       "      <td>878</td>\n",
       "      <td>20</td>\n",
       "      <td>3406.tw</td>\n",
       "      <td>BIAS</td>\n",
       "    </tr>\n",
       "    <tr>\n",
       "      <th>20</th>\n",
       "      <td>0.36</td>\n",
       "      <td>-0.51</td>\n",
       "      <td>277</td>\n",
       "      <td>1.24</td>\n",
       "      <td>878</td>\n",
       "      <td>11</td>\n",
       "      <td>3008.tw</td>\n",
       "      <td>BBand</td>\n",
       "    </tr>\n",
       "    <tr>\n",
       "      <th>15</th>\n",
       "      <td>1.87</td>\n",
       "      <td>-0.55</td>\n",
       "      <td>268</td>\n",
       "      <td>8.51</td>\n",
       "      <td>878</td>\n",
       "      <td>11</td>\n",
       "      <td>3406.tw</td>\n",
       "      <td>BBand</td>\n",
       "    </tr>\n",
       "    <tr>\n",
       "      <th>19</th>\n",
       "      <td>2.12</td>\n",
       "      <td>-0.56</td>\n",
       "      <td>268</td>\n",
       "      <td>8.70</td>\n",
       "      <td>878</td>\n",
       "      <td>50</td>\n",
       "      <td>3406.tw</td>\n",
       "      <td>WMSR</td>\n",
       "    </tr>\n",
       "  </tbody>\n",
       "</table>\n",
       "</div>"
      ],
      "text/plain": [
       "    sharpe   MDD  MDDD   Ret  days  #entries   symbol  Strategy\n",
       "12    0.06 -0.11   682  1.04   878         7  2412.tw  Breakout\n",
       "2     0.30 -0.12   344  1.08   878        11  2330.tw  Breakout\n",
       "13   -0.29 -0.12   682  1.00   878        25  2412.tw      MACD\n",
       "8     1.37 -0.12   338  1.41   878        19  2317.tw      MACD\n",
       "11   -0.61 -0.14   658  0.94   878         1  2412.tw      BIAS\n",
       "7     1.22 -0.15   338  1.31   878         9  2317.tw  Breakout\n",
       "1     0.43 -0.15    79  1.06   878         4  2330.tw      BIAS\n",
       "0     0.78 -0.16   146  1.45   878         6  2330.tw     BBand\n",
       "4     0.81 -0.18   350  1.41   878        39  2330.tw      WMSR\n",
       "3     0.57 -0.18   575  1.16   878        27  2330.tw      MACD\n",
       "14   -0.07 -0.18   682  1.05   878        40  2412.tw      WMSR\n",
       "10   -0.24 -0.19   682  1.01   878         8  2412.tw     BBand\n",
       "6     0.03 -0.25   297  1.03   878         5  2317.tw      BIAS\n",
       "22    0.68 -0.25   302  1.17   878        11  3008.tw  Breakout\n",
       "9     0.37 -0.30   338  1.19   878        50  2317.tw      WMSR\n",
       "17    2.65 -0.30   252  5.04   878        11  3406.tw  Breakout\n",
       "18    2.43 -0.31   216  5.79   878        23  3406.tw      MACD\n",
       "5     0.24 -0.34   338  1.15   878        13  2317.tw     BBand\n",
       "23    1.57 -0.34   310  2.08   878        18  3008.tw      MACD\n",
       "21    1.20 -0.35   302  1.58   878        17  3008.tw      BIAS\n",
       "24    0.42 -0.45   277  1.26   878        47  3008.tw      WMSR\n",
       "16    0.98 -0.46   263  1.61   878        20  3406.tw      BIAS\n",
       "20    0.36 -0.51   277  1.24   878        11  3008.tw     BBand\n",
       "15    1.87 -0.55   268  8.51   878        11  3406.tw     BBand\n",
       "19    2.12 -0.56   268  8.70   878        50  3406.tw      WMSR"
      ]
     },
     "execution_count": 13,
     "metadata": {},
     "output_type": "execute_result"
    }
   ],
   "source": [
    "# Sorted by MaxDrawDown:\n",
    "results_df.sort_values('MDD',ascending=False)"
   ]
  },
  {
   "cell_type": "code",
   "execution_count": 14,
   "metadata": {},
   "outputs": [
    {
     "data": {
      "text/html": [
       "<div>\n",
       "<style scoped>\n",
       "    .dataframe tbody tr th:only-of-type {\n",
       "        vertical-align: middle;\n",
       "    }\n",
       "\n",
       "    .dataframe tbody tr th {\n",
       "        vertical-align: top;\n",
       "    }\n",
       "\n",
       "    .dataframe thead th {\n",
       "        text-align: right;\n",
       "    }\n",
       "</style>\n",
       "<table border=\"1\" class=\"dataframe\">\n",
       "  <thead>\n",
       "    <tr style=\"text-align: right;\">\n",
       "      <th></th>\n",
       "      <th>sharpe</th>\n",
       "      <th>MDD</th>\n",
       "      <th>MDDD</th>\n",
       "      <th>Ret</th>\n",
       "      <th>days</th>\n",
       "      <th>#entries</th>\n",
       "      <th>symbol</th>\n",
       "      <th>Strategy</th>\n",
       "    </tr>\n",
       "  </thead>\n",
       "  <tbody>\n",
       "    <tr>\n",
       "      <th>19</th>\n",
       "      <td>2.12</td>\n",
       "      <td>-0.56</td>\n",
       "      <td>268</td>\n",
       "      <td>8.70</td>\n",
       "      <td>878</td>\n",
       "      <td>50</td>\n",
       "      <td>3406.tw</td>\n",
       "      <td>WMSR</td>\n",
       "    </tr>\n",
       "    <tr>\n",
       "      <th>15</th>\n",
       "      <td>1.87</td>\n",
       "      <td>-0.55</td>\n",
       "      <td>268</td>\n",
       "      <td>8.51</td>\n",
       "      <td>878</td>\n",
       "      <td>11</td>\n",
       "      <td>3406.tw</td>\n",
       "      <td>BBand</td>\n",
       "    </tr>\n",
       "    <tr>\n",
       "      <th>18</th>\n",
       "      <td>2.43</td>\n",
       "      <td>-0.31</td>\n",
       "      <td>216</td>\n",
       "      <td>5.79</td>\n",
       "      <td>878</td>\n",
       "      <td>23</td>\n",
       "      <td>3406.tw</td>\n",
       "      <td>MACD</td>\n",
       "    </tr>\n",
       "    <tr>\n",
       "      <th>17</th>\n",
       "      <td>2.65</td>\n",
       "      <td>-0.30</td>\n",
       "      <td>252</td>\n",
       "      <td>5.04</td>\n",
       "      <td>878</td>\n",
       "      <td>11</td>\n",
       "      <td>3406.tw</td>\n",
       "      <td>Breakout</td>\n",
       "    </tr>\n",
       "    <tr>\n",
       "      <th>23</th>\n",
       "      <td>1.57</td>\n",
       "      <td>-0.34</td>\n",
       "      <td>310</td>\n",
       "      <td>2.08</td>\n",
       "      <td>878</td>\n",
       "      <td>18</td>\n",
       "      <td>3008.tw</td>\n",
       "      <td>MACD</td>\n",
       "    </tr>\n",
       "    <tr>\n",
       "      <th>16</th>\n",
       "      <td>0.98</td>\n",
       "      <td>-0.46</td>\n",
       "      <td>263</td>\n",
       "      <td>1.61</td>\n",
       "      <td>878</td>\n",
       "      <td>20</td>\n",
       "      <td>3406.tw</td>\n",
       "      <td>BIAS</td>\n",
       "    </tr>\n",
       "    <tr>\n",
       "      <th>21</th>\n",
       "      <td>1.20</td>\n",
       "      <td>-0.35</td>\n",
       "      <td>302</td>\n",
       "      <td>1.58</td>\n",
       "      <td>878</td>\n",
       "      <td>17</td>\n",
       "      <td>3008.tw</td>\n",
       "      <td>BIAS</td>\n",
       "    </tr>\n",
       "    <tr>\n",
       "      <th>0</th>\n",
       "      <td>0.78</td>\n",
       "      <td>-0.16</td>\n",
       "      <td>146</td>\n",
       "      <td>1.45</td>\n",
       "      <td>878</td>\n",
       "      <td>6</td>\n",
       "      <td>2330.tw</td>\n",
       "      <td>BBand</td>\n",
       "    </tr>\n",
       "    <tr>\n",
       "      <th>4</th>\n",
       "      <td>0.81</td>\n",
       "      <td>-0.18</td>\n",
       "      <td>350</td>\n",
       "      <td>1.41</td>\n",
       "      <td>878</td>\n",
       "      <td>39</td>\n",
       "      <td>2330.tw</td>\n",
       "      <td>WMSR</td>\n",
       "    </tr>\n",
       "    <tr>\n",
       "      <th>8</th>\n",
       "      <td>1.37</td>\n",
       "      <td>-0.12</td>\n",
       "      <td>338</td>\n",
       "      <td>1.41</td>\n",
       "      <td>878</td>\n",
       "      <td>19</td>\n",
       "      <td>2317.tw</td>\n",
       "      <td>MACD</td>\n",
       "    </tr>\n",
       "    <tr>\n",
       "      <th>7</th>\n",
       "      <td>1.22</td>\n",
       "      <td>-0.15</td>\n",
       "      <td>338</td>\n",
       "      <td>1.31</td>\n",
       "      <td>878</td>\n",
       "      <td>9</td>\n",
       "      <td>2317.tw</td>\n",
       "      <td>Breakout</td>\n",
       "    </tr>\n",
       "    <tr>\n",
       "      <th>24</th>\n",
       "      <td>0.42</td>\n",
       "      <td>-0.45</td>\n",
       "      <td>277</td>\n",
       "      <td>1.26</td>\n",
       "      <td>878</td>\n",
       "      <td>47</td>\n",
       "      <td>3008.tw</td>\n",
       "      <td>WMSR</td>\n",
       "    </tr>\n",
       "    <tr>\n",
       "      <th>20</th>\n",
       "      <td>0.36</td>\n",
       "      <td>-0.51</td>\n",
       "      <td>277</td>\n",
       "      <td>1.24</td>\n",
       "      <td>878</td>\n",
       "      <td>11</td>\n",
       "      <td>3008.tw</td>\n",
       "      <td>BBand</td>\n",
       "    </tr>\n",
       "    <tr>\n",
       "      <th>9</th>\n",
       "      <td>0.37</td>\n",
       "      <td>-0.30</td>\n",
       "      <td>338</td>\n",
       "      <td>1.19</td>\n",
       "      <td>878</td>\n",
       "      <td>50</td>\n",
       "      <td>2317.tw</td>\n",
       "      <td>WMSR</td>\n",
       "    </tr>\n",
       "    <tr>\n",
       "      <th>22</th>\n",
       "      <td>0.68</td>\n",
       "      <td>-0.25</td>\n",
       "      <td>302</td>\n",
       "      <td>1.17</td>\n",
       "      <td>878</td>\n",
       "      <td>11</td>\n",
       "      <td>3008.tw</td>\n",
       "      <td>Breakout</td>\n",
       "    </tr>\n",
       "    <tr>\n",
       "      <th>3</th>\n",
       "      <td>0.57</td>\n",
       "      <td>-0.18</td>\n",
       "      <td>575</td>\n",
       "      <td>1.16</td>\n",
       "      <td>878</td>\n",
       "      <td>27</td>\n",
       "      <td>2330.tw</td>\n",
       "      <td>MACD</td>\n",
       "    </tr>\n",
       "    <tr>\n",
       "      <th>5</th>\n",
       "      <td>0.24</td>\n",
       "      <td>-0.34</td>\n",
       "      <td>338</td>\n",
       "      <td>1.15</td>\n",
       "      <td>878</td>\n",
       "      <td>13</td>\n",
       "      <td>2317.tw</td>\n",
       "      <td>BBand</td>\n",
       "    </tr>\n",
       "    <tr>\n",
       "      <th>2</th>\n",
       "      <td>0.30</td>\n",
       "      <td>-0.12</td>\n",
       "      <td>344</td>\n",
       "      <td>1.08</td>\n",
       "      <td>878</td>\n",
       "      <td>11</td>\n",
       "      <td>2330.tw</td>\n",
       "      <td>Breakout</td>\n",
       "    </tr>\n",
       "    <tr>\n",
       "      <th>1</th>\n",
       "      <td>0.43</td>\n",
       "      <td>-0.15</td>\n",
       "      <td>79</td>\n",
       "      <td>1.06</td>\n",
       "      <td>878</td>\n",
       "      <td>4</td>\n",
       "      <td>2330.tw</td>\n",
       "      <td>BIAS</td>\n",
       "    </tr>\n",
       "    <tr>\n",
       "      <th>14</th>\n",
       "      <td>-0.07</td>\n",
       "      <td>-0.18</td>\n",
       "      <td>682</td>\n",
       "      <td>1.05</td>\n",
       "      <td>878</td>\n",
       "      <td>40</td>\n",
       "      <td>2412.tw</td>\n",
       "      <td>WMSR</td>\n",
       "    </tr>\n",
       "    <tr>\n",
       "      <th>12</th>\n",
       "      <td>0.06</td>\n",
       "      <td>-0.11</td>\n",
       "      <td>682</td>\n",
       "      <td>1.04</td>\n",
       "      <td>878</td>\n",
       "      <td>7</td>\n",
       "      <td>2412.tw</td>\n",
       "      <td>Breakout</td>\n",
       "    </tr>\n",
       "    <tr>\n",
       "      <th>6</th>\n",
       "      <td>0.03</td>\n",
       "      <td>-0.25</td>\n",
       "      <td>297</td>\n",
       "      <td>1.03</td>\n",
       "      <td>878</td>\n",
       "      <td>5</td>\n",
       "      <td>2317.tw</td>\n",
       "      <td>BIAS</td>\n",
       "    </tr>\n",
       "    <tr>\n",
       "      <th>10</th>\n",
       "      <td>-0.24</td>\n",
       "      <td>-0.19</td>\n",
       "      <td>682</td>\n",
       "      <td>1.01</td>\n",
       "      <td>878</td>\n",
       "      <td>8</td>\n",
       "      <td>2412.tw</td>\n",
       "      <td>BBand</td>\n",
       "    </tr>\n",
       "    <tr>\n",
       "      <th>13</th>\n",
       "      <td>-0.29</td>\n",
       "      <td>-0.12</td>\n",
       "      <td>682</td>\n",
       "      <td>1.00</td>\n",
       "      <td>878</td>\n",
       "      <td>25</td>\n",
       "      <td>2412.tw</td>\n",
       "      <td>MACD</td>\n",
       "    </tr>\n",
       "    <tr>\n",
       "      <th>11</th>\n",
       "      <td>-0.61</td>\n",
       "      <td>-0.14</td>\n",
       "      <td>658</td>\n",
       "      <td>0.94</td>\n",
       "      <td>878</td>\n",
       "      <td>1</td>\n",
       "      <td>2412.tw</td>\n",
       "      <td>BIAS</td>\n",
       "    </tr>\n",
       "  </tbody>\n",
       "</table>\n",
       "</div>"
      ],
      "text/plain": [
       "    sharpe   MDD  MDDD   Ret  days  #entries   symbol  Strategy\n",
       "19    2.12 -0.56   268  8.70   878        50  3406.tw      WMSR\n",
       "15    1.87 -0.55   268  8.51   878        11  3406.tw     BBand\n",
       "18    2.43 -0.31   216  5.79   878        23  3406.tw      MACD\n",
       "17    2.65 -0.30   252  5.04   878        11  3406.tw  Breakout\n",
       "23    1.57 -0.34   310  2.08   878        18  3008.tw      MACD\n",
       "16    0.98 -0.46   263  1.61   878        20  3406.tw      BIAS\n",
       "21    1.20 -0.35   302  1.58   878        17  3008.tw      BIAS\n",
       "0     0.78 -0.16   146  1.45   878         6  2330.tw     BBand\n",
       "4     0.81 -0.18   350  1.41   878        39  2330.tw      WMSR\n",
       "8     1.37 -0.12   338  1.41   878        19  2317.tw      MACD\n",
       "7     1.22 -0.15   338  1.31   878         9  2317.tw  Breakout\n",
       "24    0.42 -0.45   277  1.26   878        47  3008.tw      WMSR\n",
       "20    0.36 -0.51   277  1.24   878        11  3008.tw     BBand\n",
       "9     0.37 -0.30   338  1.19   878        50  2317.tw      WMSR\n",
       "22    0.68 -0.25   302  1.17   878        11  3008.tw  Breakout\n",
       "3     0.57 -0.18   575  1.16   878        27  2330.tw      MACD\n",
       "5     0.24 -0.34   338  1.15   878        13  2317.tw     BBand\n",
       "2     0.30 -0.12   344  1.08   878        11  2330.tw  Breakout\n",
       "1     0.43 -0.15    79  1.06   878         4  2330.tw      BIAS\n",
       "14   -0.07 -0.18   682  1.05   878        40  2412.tw      WMSR\n",
       "12    0.06 -0.11   682  1.04   878         7  2412.tw  Breakout\n",
       "6     0.03 -0.25   297  1.03   878         5  2317.tw      BIAS\n",
       "10   -0.24 -0.19   682  1.01   878         8  2412.tw     BBand\n",
       "13   -0.29 -0.12   682  1.00   878        25  2412.tw      MACD\n",
       "11   -0.61 -0.14   658  0.94   878         1  2412.tw      BIAS"
      ]
     },
     "execution_count": 14,
     "metadata": {},
     "output_type": "execute_result"
    }
   ],
   "source": [
    "# Sorted by returns:\n",
    "results_df.sort_values('Ret',ascending=False)"
   ]
  },
  {
   "cell_type": "code",
   "execution_count": 18,
   "metadata": {},
   "outputs": [],
   "source": [
    "# ref: https://stackoverflow.com/questions/26678467/export-a-pandas-dataframe-as-a-table-image\n",
    "%matplotlib inline\n",
    "import matplotlib.pyplot as plt\n",
    "import six\n",
    "\n",
    "def render_mpl_table(data, col_width=3.0, row_height=0.625, font_size=14,\n",
    "                     header_color='#40466e', row_colors=['#f1f1f2', 'w'], edge_color='w',\n",
    "                     bbox=[0, 0, 1, 1], header_columns=0,\n",
    "                     ax=None, **kwargs):\n",
    "    if ax is None:\n",
    "        size = (np.array(data.shape[::-1]) + np.array([0, 1])) * np.array([col_width, row_height])\n",
    "        fig, ax = plt.subplots(figsize=size)\n",
    "        ax.axis('off')\n",
    "\n",
    "    mpl_table = ax.table(cellText=data.values, bbox=bbox, colLabels=data.columns, **kwargs)\n",
    "\n",
    "    mpl_table.auto_set_font_size(False)\n",
    "    mpl_table.set_fontsize(font_size)\n",
    "\n",
    "    for k, cell in  six.iteritems(mpl_table._cells):\n",
    "        cell.set_edgecolor(edge_color)\n",
    "        if k[0] == 0 or k[1] < header_columns:\n",
    "            cell.set_text_props(weight='bold', color='w')\n",
    "            cell.set_facecolor(header_color)\n",
    "        else:\n",
    "            cell.set_facecolor(row_colors[k[0]%len(row_colors) ])\n",
    "    #fig.savefig('backtest.png')\n",
    "    return ax"
   ]
  },
  {
   "cell_type": "code",
   "execution_count": 19,
   "metadata": {},
   "outputs": [
    {
     "data": {
